#
#
#  Percent Identity  Matrix - created by Clustal2.1 
#
#

     1: sp|A3KPF5|PDI15_ARATH    100.00   34.95   31.68   34.94   32.00   29.29   34.02   35.92   35.92   35.92   30.00   28.87   24.72   34.95   35.92   32.00   29.89   28.57   29.00   29.90   32.67   35.92   26.73   35.92   33.00   31.96   28.12   35.00   24.75   33.66   27.66   29.00   28.87   24.72   37.37   34.38   34.00   27.84   33.01   35.71   34.95   34.52   41.18   26.53   31.68   28.57   35.92   33.33   25.74   29.70   35.63   34.95   33.01   29.59   31.31   31.96   29.17   29.70   33.33   31.07   32.53   44.12   44.12   29.00   31.37   27.00   34.95   25.58   33.00   34.95   36.90   28.71   27.00   37.37   33.33   36.25   31.07   34.00   25.74   40.23   31.25   86.41   37.25   35.05   29.67   31.07   36.14   32.00   30.00   28.16   28.87   32.67   30.39   37.50   34.00   24.75   28.12   27.06   42.00   29.00   27.06   28.57   36.00   32.29   31.00   29.00   33.98   45.00   32.98   31.87   36.89   34.02   30.34   33.98   37.86
     2: sp|D3Z6P0|PDIA2_MOUSE     34.95  100.00   42.16   44.19   36.27   39.60   34.69   51.89   50.94   50.94   46.53   38.78   31.52   53.77   51.89   44.55   33.33   33.33   49.50   39.80   39.42   50.00   30.77   49.52   43.56   47.96   31.31   44.55   31.73   44.12   34.02   46.53   38.78   31.52   38.00   39.80   39.22   39.39   43.81   40.70   50.48   44.19   47.57   29.00   39.22   35.64   50.48   44.19   35.92   38.24   41.11   39.81   39.81   41.41   35.29   31.00   38.78   40.20   43.68   78.30   40.48   45.63   40.78   47.52   38.83   36.27   46.67   36.78   44.55   48.57   41.86   41.18   34.31   37.00   39.80   35.80   77.36   44.55   31.73   40.91   38.78   32.04   42.72   37.76   40.86   43.81   35.71   38.24   42.16   46.67   38.38   34.31   30.77   37.04   44.55   31.73   34.02   37.21   39.60   32.67   39.53   39.00   40.20   37.76   38.24   39.22   34.95   43.56   34.74   40.86   43.81   41.00   37.36   48.57   47.62
     3: sp|D4B2L8|PDI_ARTBC       31.68   42.16  100.00   41.46   42.00   45.45   40.82   54.90   53.92   54.90   54.55   44.79   37.08   52.94   54.90   50.50   40.23   36.36   52.53   44.79   55.88   54.90   38.61   50.00   56.57   44.90   37.89   52.48   37.62   48.00   37.23   53.54   44.79   37.08   43.88   41.24   41.00   42.27   46.08   44.05   50.98   45.24   51.49   35.71   79.41   34.02   51.96   46.43   40.00   73.53   40.23   37.62   38.61   50.51   42.42   36.73   42.27   71.57   38.55   44.12   43.90   47.52   42.57   51.52   43.56   37.37   50.00   40.70   51.49   48.04   47.62   47.52   37.37   42.86   41.24   39.24   44.12   52.48   37.62   45.35   39.18   30.69   49.50   40.82   48.91   43.14   36.59   41.00   47.00   42.16   39.80   43.00   38.24   40.51   51.49   38.61   42.11   38.10   45.54   41.41   38.10   43.30   41.00   40.21   42.00   46.00   33.66   52.48   41.05   44.57   49.02   43.88   40.00   47.06   49.02
     4: sp|D4B2L8|PDI_ARTBC_1     34.94   44.19   41.46  100.00   49.40   48.81   46.84   47.67   48.84   48.84   40.24   46.84   53.33   46.51   48.84   41.98   54.12   30.86   41.46   44.30   40.48   48.84   54.12   43.53   42.68   45.57   51.16   41.98   54.12   39.76   47.06   40.24   46.84   53.33   46.34   45.57   48.19   49.40   42.35   46.99   43.53   46.99   46.99   56.79   40.24   72.41   43.53   45.78   48.81   41.46   78.82   39.76   39.76   36.59   63.10   40.74   46.84   42.68   74.16   43.02   39.39   42.17   48.19   37.80   43.37   35.71   41.18   46.99   41.98   42.35   49.40   37.80   33.33   47.56   43.04   44.87   43.02   41.98   54.12   46.34   45.57   33.73   46.99   43.04   40.26   36.47   45.00   50.60   49.40   36.47   40.00   40.96   46.43   46.15   41.98   54.12   40.51   41.67   41.98   42.17   41.67   50.00   48.19   44.30   49.40   49.40   36.14   45.68   42.11   42.86   37.65   45.68   45.83   41.18   44.71
     5: sp|O22263|PDI21_ARATH     32.00   36.27   42.00   49.40  100.00   47.47   51.52   45.10   47.06   46.08   45.00   45.83   47.83   46.08   46.08   48.48   46.59   30.61   47.00   43.75   37.62   46.08   47.06   42.16   49.00   48.45   46.88   48.48   49.02   35.64   48.42   44.00   45.83   47.83   50.00   48.48   79.61   48.48   43.14   51.19   47.06   48.81   46.00   49.50   42.00   48.00   48.04   47.62   53.40   44.00   47.13   44.00   40.00   34.02   54.00   45.00   44.44   40.00   45.78   40.20   45.78   51.00   44.00   46.00   43.00   39.00   41.18   48.24   49.49   45.10   50.00   38.38   38.00   48.00   47.47   38.75   39.22   48.48   49.02   48.86   45.45   32.00   40.00   50.51   43.48   40.20   38.27   81.55   47.06   42.16   46.00   55.45   59.22   40.00   46.46   47.06   42.71   34.12   42.42   42.42   34.12   57.00   50.00   46.46   80.58   49.02   37.00   48.48   53.12   39.13   39.22   51.00   50.00   42.16   41.18
     6: sp|O22263|PDI21_ARATH_1   29.29   39.60   45.45   48.81   47.47  100.00   41.05   42.57   42.57   42.57   49.48   42.55   43.18   42.57   44.55   51.02   43.82   36.08   46.39   42.55   38.00   43.56   41.00   47.52   48.45   42.11   41.24   52.04   40.00   48.98   36.46   48.45   42.55   43.18   42.71   43.16   46.46   86.87   46.53   37.21   47.52   41.86   42.42   36.08   43.43   43.75   47.52   43.02   48.48   44.44   46.07   40.40   41.41   40.40   44.90   37.50   42.11   40.40   44.71   41.58   38.75   41.41   41.41   45.36   42.42   30.61   45.54   35.63   52.04   47.52   41.86   39.80   32.65   42.71   44.21   40.00   41.58   51.02   40.00   39.08   43.16   29.29   41.41   36.84   47.83   39.60   38.55   46.46   88.89   44.55   42.71   48.98   52.48   41.25   47.96   42.00   39.78   42.35   38.78   42.27   43.53   42.42   49.49   43.16   48.48   87.88   36.36   37.76   43.48   42.39   40.59   45.83   43.18   44.55   44.55
     7: sp|O48773|PDI23_ARATH     34.02   34.69   40.82   46.84   51.52   41.05  100.00   44.90   43.88   44.90   41.24   42.55   38.20   43.88   44.90   44.90   36.90   34.02   42.27   44.68   41.84   44.90   36.73   41.84   43.30   41.67   40.22   43.88   37.76   40.82   41.76   41.24   42.55   38.20   48.98   55.10   47.47   45.26   38.78   36.25   40.82   37.50   43.30   39.18   41.84   39.58   40.82   35.00   45.45   41.84   48.19   39.18   38.14   31.58   43.75   50.51   54.08   41.84   45.57   38.78   43.21   43.30   42.27   40.21   41.24   37.50   42.86   35.37   44.90   39.80   38.75   39.18   37.50   47.96   53.06   39.74   36.73   43.88   37.76   51.16   53.06   34.02   42.27   76.77   48.91   37.76   42.31   48.48   42.86   38.78   51.52   35.71   43.43   41.03   42.86   36.73   36.17   40.24   44.90   36.08   39.02   47.92   45.92   54.08   47.47   44.90   37.11   41.24   86.46   48.91   40.82   51.52   49.45   41.84   42.86
     8: sp|P04785|PDIA1_RAT       35.92   51.89   54.90   47.67   45.10   42.57   44.90  100.00   95.28   96.23   52.48   47.96   40.22   84.91   98.11   50.50   43.33   40.40   54.46   48.98   43.27   94.34   41.35   54.29   54.46   52.04   39.39   50.50   44.23   46.08   44.33   52.48   47.96   39.13   47.00   45.92   47.06   42.42   54.29   47.67   55.24   47.67   62.14   42.00   51.96   38.61   56.19   47.67   36.89   47.06   46.67   48.54   49.51   48.48   43.14   43.00   40.82   49.02   42.53   54.72   45.24   59.22   59.22   51.49   49.51   39.22   53.33   41.38   50.50   53.33   47.67   45.10   38.24   48.00   45.92   45.68   55.66   50.50   43.27   50.00   44.90   36.89   54.37   43.88   44.09   47.62   45.24   45.10   45.10   53.33   40.40   36.27   37.50   46.91   50.50   47.12   39.18   39.53   54.46   38.61   40.70   43.00   46.08   44.90   48.04   44.12   42.72   56.44   45.26   43.01   50.48   52.00   46.15   56.19   53.33
     9: sp|P05307|PDIA1_BOVIN     35.92   50.94   53.92   48.84   47.06   42.57   43.88   95.28  100.00   96.23   53.47   50.00   42.39   83.96   96.23   50.50   44.44   40.40   55.45   50.00   43.27   93.40   43.27   54.29   55.45   53.06   40.40   50.50   46.15   46.08   46.39   53.47   48.98   41.30   48.00   44.90   47.06   43.43   55.24   48.84   57.14   47.67   62.14   42.00   51.96   38.61   58.10   47.67   38.83   47.06   47.78   50.49   48.54   49.49   45.10   43.00   40.82   49.02   42.53   53.77   46.43   60.19   58.25   52.48   49.51   40.20   53.33   42.53   50.50   54.29   48.84   45.10   39.22   49.00   44.90   45.68   54.72   50.50   45.19   50.00   43.88   36.89   53.40   44.90   45.16   47.62   45.24   47.06   43.14   54.29   40.40   38.24   38.46   46.91   50.50   49.04   40.21   39.53   54.46   38.61   40.70   44.00   46.08   43.88   50.00   42.16   42.72   55.45   44.21   43.01   49.52   53.00   46.15   54.29   53.33
    10: sp|P07237|PDIA1_HUMAN     35.92   50.94   54.90   48.84   46.08   42.57   44.90   96.23   96.23  100.00   53.47   46.94   41.30   85.85   96.23   51.49   44.44   41.41   55.45   47.96   42.31   94.34   42.31   55.24   55.45   51.02   40.40   51.49   45.19   47.06   45.36   53.47   46.94   40.22   47.00   45.92   47.06   43.43   55.24   48.84   56.19   47.67   63.11   44.00   51.96   38.61   57.14   47.67   37.86   48.04   47.78   48.54   49.51   48.48   43.14   43.00   40.82   50.00   42.53   54.72   44.05   60.19   58.25   52.48   47.57   38.24   54.29   42.53   51.49   54.29   48.84   44.12   37.25   48.00   45.92   44.44   55.66   51.49   44.23   50.00   44.90   36.89   53.40   44.90   44.09   47.62   44.05   46.08   44.12   52.38   40.40   37.25   38.46   45.68   51.49   48.08   40.21   38.37   54.46   39.60   39.53   44.00   46.08   44.90   49.02   43.14   42.72   55.45   45.26   43.01   51.43   52.00   46.15   56.19   54.29
    11: sp|P08003|PDIA4_MOUSE     30.00   46.53   54.55   40.24   45.00   49.48   41.24   52.48   53.47   53.47  100.00   54.64   34.83   52.48   52.48   56.12   42.35   43.30   93.07   57.73   45.45   51.49   41.41   62.38   61.39   56.25   41.49   56.12   40.40   54.46   42.39   98.02   54.64   35.96   49.49   43.75   47.00   46.39   59.41   45.78   61.39   48.19   52.48   38.78   53.54   36.73   61.39   49.40   44.55   53.54   42.35   44.00   41.00   46.88   46.39   47.42   47.92   51.52   39.02   48.51   48.81   54.46   49.50   89.11   56.44   41.00   55.45   40.48   57.14   59.41   46.99   48.00   43.00   49.49   43.75   41.98   49.50   56.12   41.41   50.57   42.71   28.00   49.50   42.27   46.15   52.48   43.90   48.00   46.00   52.48   41.24   47.52   38.00   43.21   48.98   41.41   39.58   36.47   48.98   38.38   36.47   47.96   42.00   42.71   50.00   44.00   44.00   48.48   42.55   42.86   57.43   51.55   48.31   60.40   58.42
    12: sp|P08003|PDIA4_MOUSE_1   28.87   38.78   44.79   46.84   45.83   42.55   42.55   47.96   50.00   46.94   54.64  100.00   39.33   46.94   47.96   49.47   39.02   36.17   56.70   90.82   43.75   47.96   39.58   50.00   49.48   51.61   43.96   47.37   39.58   38.14   41.57   54.64   98.98   39.33   45.36   43.62   45.83   44.09   45.92   45.00   48.98   47.50   47.96   42.55   44.79   42.55   47.96   46.25   39.18   43.75   51.22   41.24   38.14   34.41   47.87   45.74   42.55   41.67   44.30   37.76   45.24   45.92   45.92   54.64   87.76   39.18   45.92   46.91   49.47   46.94   47.50   44.33   39.18   47.42   43.62   48.72   37.76   48.42   39.58   47.06   43.62   30.93   44.90   43.62   41.76   46.94   49.37   47.92   43.75   48.98   37.23   47.42   38.14   50.00   47.37   41.67   33.33   38.27   43.16   31.96   39.51   40.43   42.71   42.55   48.96   42.71   37.11   43.75   43.62   39.56   46.94   46.81   44.94   50.00   48.98
    13: sp|P08003|PDIA4_MOUSE_2   24.72   31.52   37.08   53.33   47.83   43.18   38.20   40.22   42.39   41.30   34.83   39.33  100.00   39.13   41.30   37.50   61.25   18.39   37.08   40.45   32.97   42.39   59.78   35.16   38.20   41.86   57.95   36.36   60.87   32.22   51.72   34.83   39.33   97.85   40.66   33.33   48.91   43.18   36.26   48.00   37.36   50.67   40.45   50.00   39.33   52.22   35.16   50.67   36.96   37.08   50.63   34.83   32.58   26.74   52.22   35.16   34.44   34.83   50.67   29.35   33.33   37.08   40.45   33.71   39.33   32.58   34.07   52.63   37.50   34.07   52.00   37.50   31.46   39.56   34.44   38.89   29.35   36.36   60.87   40.74   32.22   26.97   34.83   37.08   37.21   31.87   36.11   51.09   42.86   32.97   33.33   37.78   48.91   38.89   37.50   61.96   35.96   34.21   35.23   35.96   35.53   38.20   39.56   32.22   48.91   43.96   29.21   40.91   37.08   34.88   31.87   39.56   37.78   32.97   36.26
    14: sp|P09102|PDIA1_CHICK     34.95   53.77   52.94   46.51   46.08   42.57   43.88   84.91   83.96   85.85   52.48   46.94   39.13  100.00   85.85   52.48   41.11   41.41   53.47   48.98   40.38   83.02   40.38   55.24   52.48   52.04   39.39   52.48   42.31   46.08   40.21   52.48   46.94   38.04   48.00   43.88   46.08   41.41   54.29   48.84   57.14   48.84   65.05   42.00   50.98   38.61   57.14   48.84   37.86   50.00   44.44   47.57   47.57   43.43   43.14   46.00   41.84   49.02   40.23   57.55   46.43   61.17   58.25   50.50   49.51   41.18   54.29   43.68   52.48   54.29   48.84   45.10   39.22   47.00   43.88   44.44   58.49   52.48   41.35   48.86   42.86   34.95   56.31   43.88   41.94   48.57   44.05   46.08   44.12   53.33   40.40   34.31   35.58   45.68   52.48   44.23   38.14   33.72   49.50   39.60   34.88   42.00   45.10   42.86   48.04   43.14   40.78   53.47   43.16   40.86   49.52   53.00   45.05   57.14   56.19
    15: sp|P09103|PDIA1_MOUSE     35.92   51.89   54.90   48.84   46.08   44.55   44.90   98.11   96.23   96.23   52.48   47.96   41.30   85.85  100.00   51.49   44.44   40.40   54.46   48.98   43.27   94.34   42.31   54.29   54.46   52.04   40.40   51.49   45.19   46.08   45.36   52.48   47.96   40.22   47.00   45.92   48.04   44.44   54.29   48.84   55.24   48.84   62.14   44.00   51.96   39.60   56.19   48.84   37.86   48.04   47.78   48.54   50.49   49.49   44.12   44.00   40.82   50.00   43.68   54.72   45.24   59.22   60.19   51.49   49.51   39.22   53.33   42.53   51.49   53.33   48.84   45.10   38.24   48.00   45.92   45.68   55.66   51.49   44.23   50.00   44.90   36.89   54.37   43.88   44.09   47.62   45.24   46.08   46.08   53.33   40.40   37.25   38.46   46.91   51.49   48.08   39.18   39.53   54.46   39.60   40.70   44.00   47.06   44.90   49.02   45.10   42.72   56.44   45.26   43.01   50.48   52.00   46.15   55.24   53.33
    16: sp|P11598|PDIA3_RAT       32.00   44.55   50.50   41.98   48.48   51.02   44.90   50.50   50.50   51.49   56.12   49.47   37.50   52.48   51.49  100.00   36.05   38.38   59.18   49.47   44.55   50.50   36.00   51.49   57.14   47.96   37.23   94.23   37.00   55.56   38.71   57.14   50.53   37.50   52.58   47.42   44.44   52.08   52.48   49.40   53.47   48.19   49.00   42.27   52.48   38.54   53.47   45.78   41.41   54.46   41.86   51.00   45.00   41.84   38.78   51.02   47.42   55.45   40.24   45.54   48.15   50.00   47.00   57.14   48.00   40.82   51.49   42.35   99.04   51.49   50.60   47.00   42.86   51.55   47.42   41.03   46.53   98.08   36.00   52.94   45.36   31.00   46.00   43.88   47.31   51.49   37.04   48.48   50.51   51.49   40.82   45.45   43.56   42.31   85.29   38.00   45.74   45.78   50.50   47.96   45.78   44.79   39.39   47.42   47.47   48.48   45.00   49.00   48.42   44.09   49.50   54.08   44.44   52.48   50.50
    17: sp|P11598|PDIA3_RAT_1     29.89   33.33   40.23   54.12   46.59   43.82   36.90   43.33   44.44   44.44   42.35   39.02   61.25   41.11   44.44   36.05  100.00   24.71   43.53   40.24   34.83   44.44   98.90   42.70   40.00   39.76   60.44   36.05   90.11   31.40   62.64   42.35   39.02   61.25   40.00   38.10   45.45   43.68   42.70   52.33   43.82   51.16   41.38   45.35   37.93   58.62   43.82   51.16   39.77   36.78   52.27   36.78   34.48   35.63   53.93   34.88   40.48   40.23   51.16   32.22   33.82   41.38   43.68   41.18   37.93   32.56   37.08   47.67   36.05   41.57   51.16   38.37   31.40   40.00   38.10   39.24   33.33   36.05   93.41   41.18   38.10   29.89   40.23   34.52   37.04   35.96   40.24   47.73   45.98   35.96   31.76   38.37   47.78   40.51   36.05   89.01   39.51   34.52   36.05   38.82   35.71   42.05   49.43   38.10   46.59   44.83   34.48   40.70   38.27   34.57   35.96   41.86   42.86   39.33   41.57
    18: sp|P12865|BS2_TRYBB       28.57   33.33   36.36   30.86   30.61   36.08   34.02   40.40   40.40   41.41   43.30   36.17   18.39   41.41   40.40   38.38   24.71  100.00   44.33   38.30   32.32   39.39   24.49   38.38   41.24   37.11   27.96   38.38   26.53   38.78   32.61   44.33   37.23   18.39   35.42   38.54   35.71   35.42   37.37   30.49   38.38   31.71   41.84   30.21   33.33   31.58   37.37   31.71   28.57   33.33   31.76   28.57   27.55   44.33   35.42   36.08   32.29   32.32   28.40   36.36   33.75   44.90   40.82   44.33   33.67   29.90   39.39   34.52   37.37   38.38   30.49   34.69   30.93   35.42   38.54   41.03   36.36   38.38   26.53   35.29   37.50   27.55   33.67   37.11   35.87   33.33   35.00   33.67   34.69   39.39   34.02   33.67   30.30   42.31   34.34   28.57   40.86   30.12   38.38   38.14   28.92   28.12   31.63   37.50   33.67   30.61   30.61   34.69   35.11   36.96   40.40   40.21   34.83   42.42   38.38
    19: sp|P13667|PDIA4_HUMAN     29.00   49.50   52.53   41.46   47.00   46.39   42.27   54.46   55.45   55.45   93.07   56.70   37.08   53.47   54.46   59.18   43.53   44.33  100.00   59.79   44.44   53.47   43.43   61.39   60.40   58.33   41.49   57.14   44.44   52.48   44.57   94.06   57.73   38.20   48.48   43.75   50.00   46.39   59.41   46.99   60.40   49.40   54.46   40.82   51.52   40.82   60.40   48.19   42.57   51.52   42.35   44.00   41.00   48.96   44.33   46.39   47.92   51.52   40.24   49.50   50.00   55.45   50.50   92.08   58.42   43.00   54.46   41.67   58.16   60.40   48.19   47.00   44.00   48.48   43.75   43.21   50.50   57.14   45.45   50.57   42.71   27.00   47.52   43.30   47.25   54.46   45.12   50.00   45.00   54.46   41.24   47.52   39.00   44.44   50.00   45.45   40.62   37.65   48.98   39.39   37.65   48.98   43.00   42.71   50.00   43.00   44.00   47.47   43.62   46.15   58.42   51.55   50.56   59.41   57.43
    20: sp|P13667|PDIA4_HUMAN_1   29.90   39.80   44.79   44.30   43.75   42.55   44.68   48.98   50.00   47.96   57.73   90.82   40.45   48.98   48.98   49.47   40.24   38.30   59.79  100.00   43.75   48.98   40.62   51.02   48.45   51.61   43.96   47.37   40.62   41.24   41.57   57.73   90.82   41.57   46.39   43.62   44.79   45.16   45.92   42.50   48.98   47.50   50.00   41.49   43.75   42.55   47.96   46.25   38.14   44.79   51.22   40.21   37.11   34.41   48.94   44.68   42.55   42.71   44.30   38.78   46.43   44.90   45.92   57.73   90.82   40.21   46.94   45.68   49.47   46.94   47.50   44.33   40.21   47.42   43.62   48.72   38.78   48.42   40.62   48.24   42.55   30.93   43.88   44.68   40.66   46.94   49.37   44.79   44.79   46.94   38.30   45.36   38.14   50.00   47.37   42.71   33.33   38.27   42.11   31.96   39.51   41.49   42.71   42.55   45.83   42.71   38.14   43.75   42.55   42.86   45.92   45.74   44.94   51.02   47.96
    21: sp|P17967|PDI_YEAST       32.67   39.42   55.88   40.48   37.62   38.00   41.84   43.27   43.27   42.31   45.45   43.75   32.97   40.38   43.27   44.55   34.83   32.32   44.44   43.75  100.00   43.27   32.04   45.63   45.45   39.80   36.08   47.52   33.98   41.00   32.29   44.44   43.75   32.97   43.88   41.84   38.61   35.71   44.66   42.35   45.63   44.71   41.58   37.37   58.82   34.34   45.63   44.71   37.62   53.92   40.45   31.68   34.65   44.44   46.53   37.00   42.86   51.96   41.18   36.54   45.12   40.59   40.59   42.42   44.55   39.00   41.75   34.88   45.54   46.60   44.71   42.57   39.00   44.90   40.82   30.38   34.62   46.53   33.98   45.35   40.82   31.68   40.59   38.78   38.71   37.86   36.59   35.64   35.64   36.89   38.38   36.00   34.95   31.65   46.53   33.01   27.37   32.14   39.60   30.30   33.33   35.71   35.64   40.82   35.64   36.63   32.67   43.56   38.95   38.71   46.60   43.00   32.97   40.78   43.69
    22: sp|P21195|PDIA1_RABIT     35.92   50.00   54.90   48.84   46.08   43.56   44.90   94.34   93.40   94.34   51.49   47.96   42.39   83.02   94.34   50.50   44.44   39.39   53.47   48.98   43.27  100.00   42.31   54.29   54.46   52.04   40.40   50.50   45.19   47.06   45.36   51.49   47.96   41.30   47.00   46.94   48.04   44.44   53.33   47.67   54.29   48.84   62.14   45.00   50.98   38.61   55.24   48.84   37.86   47.06   46.67   47.57   47.57   48.48   44.12   43.00   40.82   49.02   42.53   52.83   45.24   59.22   60.19   50.50   48.54   39.22   54.29   43.68   50.50   52.38   50.00   46.08   38.24   48.00   46.94   45.68   53.77   50.50   44.23   50.00   45.92   35.92   54.37   44.90   45.16   46.67   45.24   46.08   45.10   53.33   39.39   37.25   39.42   46.91   50.50   48.08   39.18   39.53   53.47   39.60   40.70   44.00   44.12   45.92   49.02   44.12   41.75   55.45   45.26   44.09   50.48   52.00   47.25   54.29   53.33
    23: sp|P27773|PDIA3_MOUSE     26.73   30.77   38.61   54.12   47.06   41.00   36.73   41.35   43.27   42.31   41.41   39.58   59.78   40.38   42.31   36.00   98.90   24.49   43.43   40.62   32.04   42.31  100.00   41.75   40.40   39.18   62.63   34.00   91.43   30.00   65.31   42.42   40.62   59.78   38.38   36.73   44.12   42.86   40.78   52.33   43.69   51.16   39.60   45.00   36.63   58.42   43.69   51.16   41.18   35.64   51.11   36.63   31.68   33.67   56.31   35.00   38.78   37.62   51.16   29.81   35.37   40.59   41.58   40.40   37.62   34.00   35.92   47.67   35.00   40.78   51.16   39.00   33.00   38.38   36.73   39.24   30.77   34.00   94.29   41.38   36.73   27.72   39.60   33.67   36.96   35.92   40.24   48.04   42.57   35.92   31.31   39.00   46.15   40.51   34.00   90.48   40.00   34.52   36.00   36.36   35.71   42.42   43.56   36.73   48.04   41.58   33.66   40.00   36.84   35.87   33.98   41.00   41.76   38.83   39.81
    24: sp|P29828|PDI_MEDSA       35.92   49.52   50.00   43.53   42.16   47.52   41.84   54.29   54.29   55.24   62.38   50.00   35.16   55.24   54.29   51.49   42.70   38.38   61.39   51.02   45.63   54.29   41.75  100.00   56.44   46.94   40.82   51.49   40.78   51.96   42.71   63.37   50.00   35.16   44.00   43.88   44.12   45.45   73.83   47.67   75.70   48.84   50.49   36.00   49.02   39.00   74.77   48.84   41.75   47.06   44.94   48.54   43.69   43.43   45.54   43.43   43.88   45.10   40.70   48.57   47.62   48.54   46.60   60.40   50.49   41.18   81.31   35.63   51.49   76.64   48.84   46.08   41.18   46.00   43.88   40.74   48.57   50.50   40.78   48.86   43.88   33.98   49.51   43.88   50.00   62.62   44.05   44.12   46.08   67.29   40.40   42.16   40.38   41.98   47.52   41.75   38.14   33.72   47.52   36.63   34.88   43.00   39.42   42.86   47.06   44.12   45.63   49.50   43.16   44.57   72.90   48.48   46.15   82.24   77.57
    25: sp|P34329|PDIA4_CAEEL     33.00   43.56   56.57   42.68   49.00   48.45   43.30   54.46   55.45   55.45   61.39   49.48   38.20   52.48   54.46   57.14   40.00   41.24   60.40   48.45   45.45   54.46   40.40   56.44  100.00   55.21   41.49   57.14   40.40   53.47   42.39   63.37   50.52   38.20   46.46   50.00   46.00   47.42   51.49   42.17   58.42   44.58   56.44   37.76   57.58   37.76   59.41   44.58   45.54   50.51   41.18   41.00   38.00   44.79   42.27   44.33   48.96   50.51   39.02   44.55   48.81   56.44   49.50   56.44   47.52   41.00   58.42   38.10   56.12   55.45   44.58   42.00   43.00   46.46   48.96   45.68   45.54   57.14   40.40   47.13   47.92   33.00   45.54   41.24   51.65   48.51   40.24   49.00   46.00   54.46   44.33   46.53   41.00   46.91   55.10   40.40   41.67   37.65   46.94   40.40   37.65   43.88   42.00   47.92   51.00   46.00   38.00   48.48   44.68   47.25   54.46   49.48   49.44   55.45   55.45
    26: sp|P34329|PDIA4_CAEEL_1   31.96   47.96   44.90   45.57   48.45   42.11   41.67   52.04   53.06   51.02   56.25   51.61   41.86   52.04   52.04   47.96   39.76   37.11   58.33   51.61   39.80   52.04   39.18   46.94   55.21  100.00   37.36   47.96   40.21   45.36   43.33   56.25   51.61   43.02   48.42   43.16   44.33   40.43   47.96   43.75   52.04   43.75   56.70   38.95   47.96   41.49   51.02   43.75   45.36   44.90   43.37   41.24   39.18   41.05   42.11   45.83   43.16   41.84   41.77   46.94   55.70   54.64   54.64   55.21   52.58   46.88   46.94   39.02   47.96   50.00   43.75   45.36   46.88   49.47   42.11   38.16   46.94   47.96   40.21   48.19   42.11   34.02   47.42   42.71   38.89   42.86   41.03   48.45   40.21   50.00   42.71   40.21   36.73   39.47   46.94   40.21   42.39   37.04   45.92   39.58   38.27   48.94   42.27   41.05   48.45   41.24   39.18   50.52   40.86   38.89   46.94   43.75   42.05   48.98   45.92
    27: sp|P34329|PDIA4_CAEEL_2   28.12   31.31   37.89   51.16   46.88   41.24   40.22   39.39   40.40   40.40   41.49   43.96   57.95   39.39   40.40   37.23   60.44   27.96   41.49   43.96   36.08   40.40   62.63   40.82   41.49   37.36  100.00   37.23   62.63   32.63   57.14   41.49   43.96   56.82   39.36   39.13   45.83   43.16   36.73   50.00   40.82   46.51   42.71   42.55   38.95   56.25   40.82   47.67   43.30   37.89   53.33   35.42   33.33   34.74   54.64   39.36   36.96   38.95   54.02   32.32   38.96   40.62   44.79   39.36   41.67   33.68   35.71   44.19   37.23   36.73   48.84   34.74   33.68   40.43   38.04   38.75   31.31   36.17   62.63   39.77   38.04   28.12   38.54   35.87   39.33   34.69   37.35   46.88   42.11   32.65   33.33   36.84   42.86   40.00   36.17   63.64   37.78   34.12   34.04   30.85   36.47   44.33   37.89   38.04   47.92   43.16   32.29   41.49   40.45   39.33   33.67   41.49   45.88   40.82   39.80
    28: sp|P38657|PDIA3_BOVIN     35.00   44.55   52.48   41.98   48.48   52.04   43.88   50.50   50.50   51.49   56.12   47.37   36.36   52.48   51.49   94.23   36.05   38.38   57.14   47.37   47.52   50.50   34.00   51.49   57.14   47.96   37.23  100.00   35.00   57.58   37.63   55.10   47.37   36.36   52.58   45.36   42.42   51.04   53.47   50.60   55.45   49.40   51.00   43.30   54.46   37.50   55.45   46.99   40.40   54.46   41.86   48.00   44.00   42.86   38.78   48.98   46.39   57.43   40.24   45.54   46.91   52.00   48.00   56.12   47.00   39.80   52.48   42.35   95.19   52.48   51.81   45.00   41.84   51.55   45.36   41.03   46.53   96.15   34.00   51.76   43.30   34.00   46.00   42.86   48.39   51.49   37.04   46.46   50.51   50.50   39.80   46.46   44.55   42.31   85.29   36.00   46.81   43.37   50.50   48.98   43.37   43.75   40.40   45.36   47.47   48.48   44.00   50.00   47.37   45.16   50.50   53.06   43.33   51.49   51.49
    29: sp|P38657|PDIA3_BOVIN_1   24.75   31.73   37.62   54.12   49.02   40.00   37.76   44.23   46.15   45.19   40.40   39.58   60.87   42.31   45.19   37.00   90.11   26.53   44.44   40.62   33.98   45.19   91.43   40.78   40.40   40.21   62.63   35.00  100.00   28.00   67.35   41.41   40.62   60.87   39.39   37.76   45.10   41.84   42.72   53.49   43.69   52.33   41.58   45.00   37.62   59.41   42.72   51.16   40.20   35.64   52.22   36.63   31.68   34.69   55.34   37.00   38.78   38.61   52.33   29.81   35.37   45.54   46.53   41.41   38.61   34.00   34.95   48.84   36.00   42.72   52.33   38.00   33.00   40.40   35.71   40.51   30.77   35.00   97.14   41.38   35.71   25.74   37.62   36.73   38.04   38.83   42.68   48.04   41.58   38.83   33.33   38.00   46.15   41.77   35.00   93.33   40.00   35.71   39.00   36.36   36.90   41.41   41.58   35.71   49.02   40.59   34.65   40.00   40.00   38.04   34.95   43.00   41.76   38.83   39.81
    30: sp|P38658|ERP60_SCHMA     33.66   44.12   48.00   39.76   35.64   48.98   40.82   46.08   46.08   47.06   54.46   38.14   32.22   46.08   46.08   55.56   31.40   38.78   52.48   41.24   41.00   47.06   30.00   51.96   53.47   45.36   32.63   57.58   28.00  100.00   32.26   53.47   38.14   32.22   42.00   42.27   34.65   45.92   44.12   40.96   49.02   43.37   47.52   35.35   48.00   29.29   50.00   43.37   37.25   48.00   37.21   38.61   39.60   45.36   35.71   38.78   46.39   47.00   36.14   48.04   42.86   49.50   42.57   51.49   37.62   37.00   46.08   34.12   56.57   47.06   43.37   44.00   40.00   43.00   42.27   44.44   47.06   56.57   29.00   42.05   41.24   29.70   37.62   35.71   42.39   42.16   42.68   35.64   46.53   46.08   38.78   45.10   39.60   45.68   54.55   30.00   42.27   40.70   37.37   42.00   40.70   37.37   33.66   41.24   37.62   44.55   36.63   37.37   40.00   43.48   44.12   47.96   43.33   50.98   46.08
    31: sp|P38658|ERP60_SCHMA_1   27.66   34.02   37.23   47.06   48.42   36.46   41.76   44.33   46.39   45.36   42.39   41.57   51.72   40.21   45.36   38.71   62.64   32.61   44.57   41.57   32.29   45.36   65.31   42.71   42.39   43.33   57.14   37.63   67.35   32.26  100.00   42.39   41.57   51.72   47.83   36.26   46.32   37.23   39.58   47.67   39.58   50.00   41.49   37.63   36.17   50.00   40.62   50.00   35.79   36.17   51.11   36.17   31.91   37.23   47.92   41.94   41.76   40.43   45.35   32.99   42.67   45.74   46.81   43.48   39.36   38.71   39.58   40.70   38.71   38.54   50.00   38.71   35.48   52.17   36.26   36.71   31.96   37.63   67.35   50.57   36.26   29.79   38.30   43.96   40.91   39.58   35.37   46.32   37.23   39.58   35.87   36.56   44.33   37.97   37.63   68.37   38.64   34.52   38.71   35.87   35.71   40.00   42.55   35.16   47.37   36.17   30.85   38.71   46.59   44.32   39.58   47.31   39.29   42.71   41.67
    32: sp|P38659|PDIA4_RAT       29.00   46.53   53.54   40.24   44.00   48.45   41.24   52.48   53.47   53.47   98.02   54.64   34.83   52.48   52.48   57.14   42.35   44.33   94.06   57.73   44.44   51.49   42.42   63.37   63.37   56.25   41.49   55.10   41.41   53.47   42.39  100.00   55.67   35.96   48.48   43.75   48.00   47.42   59.41   45.78   61.39   48.19   51.49   38.78   52.53   36.73   61.39   49.40   44.55   51.52   42.35   44.00   41.00   47.92   45.36   47.42   47.92   49.49   39.02   48.51   50.00   53.47   49.50   88.12   56.44   42.00   56.44   40.48   56.12   59.41   46.99   47.00   44.00   48.48   43.75   41.98   49.50   55.10   42.42   50.57   42.71   27.00   49.50   42.27   46.15   53.47   43.90   49.00   46.00   53.47   41.24   46.53   38.00   43.21   48.98   42.42   39.58   36.47   47.96   38.38   36.47   47.96   42.00   42.71   49.00   44.00   44.00   48.48   42.55   42.86   58.42   50.52   48.31   61.39   59.41
    33: sp|P38659|PDIA4_RAT_1     28.87   38.78   44.79   46.84   45.83   42.55   42.55   47.96   48.98   46.94   54.64   98.98   39.33   46.94   47.96   50.53   39.02   37.23   57.73   90.82   43.75   47.96   40.62   50.00   50.52   51.61   43.96   47.37   40.62   38.14   41.57   55.67  100.00   39.33   45.36   43.62   46.88   45.16   45.92   45.00   48.98   47.50   47.96   42.55   44.79   42.55   47.96   46.25   39.18   43.75   51.22   40.21   38.14   35.48   47.87   45.74   42.55   41.67   44.30   37.76   46.43   45.92   45.92   54.64   87.76   40.21   45.92   46.91   49.47   46.94   47.50   44.33   40.21   47.42   43.62   48.72   37.76   48.42   40.62   47.06   43.62   30.93   44.90   43.62   41.76   45.92   49.37   48.96   43.75   47.96   37.23   47.42   38.14   50.00   47.37   42.71   33.33   38.27   43.16   31.96   39.51   40.43   42.71   42.55   48.96   42.71   37.11   43.75   43.62   39.56   46.94   46.81   44.94   50.00   48.98
    34: sp|P38659|PDIA4_RAT_2     24.72   31.52   37.08   53.33   47.83   43.18   38.20   39.13   41.30   40.22   35.96   39.33   97.85   38.04   40.22   37.50   61.25   18.39   38.20   41.57   32.97   41.30   59.78   35.16   38.20   43.02   56.82   36.36   60.87   32.22   51.72   35.96   39.33  100.00   41.76   32.22   47.83   43.18   36.26   46.67   37.36   49.33   39.33   48.89   38.20   52.22   35.16   49.33   38.04   37.08   50.63   34.83   32.58   26.74   52.22   35.16   34.44   34.83   50.67   29.35   34.57   37.08   40.45   34.83   40.45   33.71   32.97   51.32   37.50   34.07   50.67   36.36   32.58   40.66   33.33   37.50   29.35   36.36   60.87   41.98   31.11   25.84   34.83   35.96   37.21   31.87   37.50   50.00   42.86   32.97   32.22   37.78   48.91   37.50   37.50   61.96   35.96   34.21   35.23   35.96   35.53   40.45   39.56   31.11   47.83   43.96   29.21   40.91   37.08   36.05   31.87   39.56   36.67   32.97   35.16
    35: sp|P38660|PDIA6_MESAU     37.37   38.00   43.88   46.34   50.00   42.71   48.98   47.00   48.00   47.00   49.49   45.36   40.66   48.00   47.00   52.58   40.00   35.42   48.48   46.39   43.88   47.00   38.38   44.00   46.46   48.42   39.36   52.58   39.39   42.00   47.83   48.48   45.36   41.76  100.00   56.70   47.00   40.62   45.00   40.74   43.00   39.51   49.49   38.78   43.88   40.40   43.00   39.51   40.59   45.92   45.24   39.39   39.39   38.95   44.33   62.24   50.52   41.84   40.24   36.00   48.24   47.47   45.45   45.45   46.46   42.42   43.00   38.55   53.61   45.00   41.98   39.80   42.42   94.12   56.70   43.75   36.00   52.58   39.39   94.44   55.67   36.36   46.46   48.98   47.83   40.00   45.00   50.00   42.42   40.00   45.92   40.00   37.00   45.00   49.48   41.41   35.05   35.29   49.48   36.36   35.29   45.92   44.44   56.70   48.00   41.41   39.39   47.42   45.83   46.74   42.00   67.35   50.55   43.00   43.00
    36: sp|P38660|PDIA6_MESAU_1   34.38   39.80   41.24   45.57   48.48   43.16   55.10   45.92   44.90   45.92   43.75   43.62   33.33   43.88   45.92   47.42   38.10   38.54   43.75   43.62   41.84   46.94   36.73   43.88   50.00   43.16   39.13   45.36   37.76   42.27   36.26   43.75   43.62   32.22   56.70  100.00   45.45   44.21   41.84   38.75   44.90   40.00   44.79   36.08   41.24   36.46   44.90   40.00   48.48   43.30   39.76   44.79   44.79   32.98   40.62   48.48   66.67   41.24   36.71   39.80   40.74   47.92   44.79   41.67   42.71   33.33   40.82   35.80   47.42   41.84   41.25   41.67   34.38   55.67   95.96   42.86   39.80   46.39   37.76   57.65   96.97   34.38   46.88   55.10   56.52   42.86   44.16   46.46   45.92   40.82   51.52   37.11   38.38   44.16   44.33   35.71   34.04   37.04   45.36   31.25   37.04   47.92   39.80   96.97   46.46   44.90   37.50   46.88   57.29   54.35   41.84   55.56   68.48   42.86   44.90
    37: sp|P38661|PDIA6_MEDSA     34.00   39.22   41.00   48.19   79.61   46.46   47.47   47.06   47.06   47.06   47.00   45.83   48.91   46.08   48.04   44.44   45.45   35.71   50.00   44.79   38.61   48.04   44.12   44.12   46.00   44.33   45.83   42.42   45.10   34.65   46.32   48.00   46.88   47.83   47.00   45.45  100.00   46.46   43.14   51.19   45.10   53.57   46.00   49.50   38.00   51.00   45.10   53.57   52.43   40.00   48.28   42.00   41.00   38.14   52.00   45.00   40.40   37.00   48.19   44.12   45.78   50.00   45.00   47.00   45.00   39.00   43.14   50.59   43.43   43.14   53.57   37.37   39.00   45.00   45.45   41.25   42.16   42.42   45.10   46.59   44.44   32.00   43.00   47.47   38.04   42.16   38.27   82.52   46.08   42.16   45.00   53.47   56.31   42.50   42.42   45.10   39.58   32.94   41.41   41.41   34.12   53.00   52.94   44.44   77.67   48.04   39.00   48.48   46.88   34.78   40.20   46.00   45.65   43.14   44.12
    38: sp|P38661|PDIA6_MEDSA_1   27.84   39.39   42.27   49.40   48.48   86.87   45.26   42.42   43.43   43.43   46.39   44.09   43.18   41.41   44.44   52.08   43.68   35.42   46.39   45.16   35.71   44.44   42.86   45.45   47.42   40.43   43.16   51.04   41.84   45.92   37.23   47.42   45.16   43.18   40.62   44.21   46.46  100.00   39.39   39.29   43.43   39.29   41.24   39.18   39.18   43.75   44.44   40.48   50.51   41.24   48.28   40.21   40.21   39.18   45.83   36.46   44.21   39.18   45.78   39.39   38.75   42.27   43.30   43.30   43.30   32.99   41.41   36.47   51.04   41.41   44.05   42.71   32.99   40.62   45.26   42.50   39.39   50.00   41.84   40.23   44.21   27.84   40.21   38.95   46.74   38.38   39.51   48.48   88.89   43.43   44.79   48.98   50.51   42.50   46.88   43.88   44.09   42.35   39.58   45.83   42.35   44.44   47.47   44.21   49.49   88.89   34.02   40.62   45.65   43.48   37.37   46.88   43.18   42.42   40.40
    39: sp|P52588|PDI_MAIZE       33.01   43.81   46.08   42.35   43.14   46.53   38.78   54.29   55.24   55.24   59.41   45.92   36.26   54.29   54.29   52.48   42.70   37.37   59.41   45.92   44.66   53.33   40.78   73.83   51.49   47.96   36.73   53.47   42.72   44.12   39.58   59.41   45.92   36.26   45.00   41.84   43.14   39.39  100.00   44.19   80.37   46.51   50.49   38.00   47.06   39.00   77.57   46.51   39.81   45.10   40.45   48.54   46.60   44.44   42.57   39.39   41.84   44.12   37.21   43.81   46.43   48.54   46.60   59.41   46.60   39.22   71.03   35.63   53.47   88.79   45.35   43.14   38.24   46.00   41.84   35.80   44.76   52.48   42.72   45.45   40.82   30.10   46.60   39.80   46.74   63.55   38.10   43.14   41.18   62.62   39.39   41.18   39.42   37.04   49.50   43.69   38.14   29.07   53.47   37.62   29.07   43.00   37.50   40.82   43.14   39.22   48.54   45.54   37.89   42.39   66.36   45.45   43.96   72.90   71.03
    40: sp|P52588|PDI_MAIZE_1     35.71   40.70   44.05   46.99   51.19   37.21   36.25   47.67   48.84   48.84   45.78   45.00   48.00   48.84   48.84   49.40   52.33   30.49   46.99   42.50   42.35   47.67   52.33   47.67   42.17   43.75   50.00   50.60   53.49   40.96   47.67   45.78   45.00   46.67   40.74   38.75   51.19   39.29   44.19  100.00   44.19   87.21   44.71   47.56   45.24   52.44   44.19   86.05   39.29   40.48   50.00   44.05   41.67   38.10   47.62   40.74   40.00   42.86   51.19   39.53   39.39   45.88   48.24   45.78   43.53   34.52   44.19   65.88   49.40   43.02   89.53   40.48   34.52   40.74   38.75   46.84   39.53   49.40   52.33   41.98   36.25   34.52   42.35   38.75   37.66   44.19   40.24   51.19   38.10   40.70   34.57   45.78   46.51   48.10   49.40   53.49   40.51   34.94   39.76   39.76   36.14   47.62   46.43   37.50   51.19   38.10   38.10   50.00   38.96   38.96   44.19   48.15   35.62   50.00   45.35
    41: sp|P52589|PDI_WHEAT       34.95   50.48   50.98   43.53   47.06   47.52   40.82   55.24   57.14   56.19   61.39   48.98   37.36   57.14   55.24   53.47   43.82   38.38   60.40   48.98   45.63   54.29   43.69   75.70   58.42   52.04   40.82   55.45   43.69   49.02   39.58   61.39   48.98   37.36   43.00   44.90   45.10   43.43   80.37   44.19  100.00   47.67   57.28   37.00   50.98   41.00   96.26   46.51   42.72   47.06   42.70   50.49   44.66   43.43   44.55   41.41   45.92   47.06   41.86   49.52   47.62   55.34   50.49   60.40   49.51   41.18   71.96   36.78   54.46   87.85   45.35   45.10   39.22   43.00   45.92   34.57   50.48   55.45   43.69   43.18   43.88   33.98   49.51   42.86   46.74   58.88   39.29   46.08   44.12   63.55   42.42   42.16   41.35   35.80   51.49   45.63   41.24   32.56   49.50   38.61   33.72   44.00   42.31   43.88   49.02   42.16   50.49   52.48   43.16   42.39   67.29   47.47   43.96   71.03   71.03
